"Locus","Allele","Chromosome","Frequency"
"rs3020701",1,1,0.5
"rs3020701",2,1,0.5
"rs56343121",1,2,0.5
"rs56343121",2,2,0.5
"rs143501051",1,3,0.5
"rs143501051",2,3,0.5
"rs56182540",1,4,0.5
"rs56182540",2,4,0.5
"rs7260412",1,5,0.5
"rs7260412",2,5,0.5
"rs11669393",1,6,0.5
"rs11669393",2,6,0.5
"rs181646587",1,7,0.5
"rs181646587",2,7,0.5
"rs8106297",1,8,0.5
"rs8106297",2,8,0.5
"rs8106302",1,9,0.5
"rs8106302",2,9,0.5
"rs183568620",1,10,0.5
"rs183568620",2,10,0.5
"rs186451972",1,11,0.5
"rs186451972",2,11,0.5
"rs189699222",1,12,0.5
"rs189699222",2,12,0.5
"rs182902214",1,13,0.5
"rs182902214",2,13,0.5
"rs192965167",1,14,0.5
"rs192965167",2,14,0.5
"rs146847336",1,15,0.5
"rs146847336",2,15,0.5
"rs184527030",1,16,0.5
"rs184527030",2,16,0.5
"rs187789830",1,17,0.5
"rs187789830",2,17,0.5
"rs10409990",1,18,0.5
"rs10409990",2,18,0.5
"rs10421190",1,19,0.5
"rs10421190",2,19,0.5
"rs181572300",1,20,0.5
"rs181572300",2,20,0.5
"rs185166611",1,21,0.5
"rs185166611",2,21,0.5
"rs188893461",1,22,0.5
"rs188893461",2,22,0.5
"rs181637538",1,23,0.5
"rs181637538",2,23,0.5
"rs191110432",1,24,0.5
"rs191110432",2,24,0.5
"rs186213888",1,25,0.5
"rs186213888",2,25,0.5
"rs76534612",1,26,0.5
"rs76534612",2,26,0.5
"rs182935107",1,27,0.5
"rs182935107",2,27,0.5
"rs62103021",1,28,0.5
"rs62103021",2,28,0.5
"rs9749321",1,29,0.5
"rs9749321",2,29,0.5
"rs184010370",1,30,0.5
"rs184010370",2,30,0.5
"rs143825578",1,31,0.5
"rs143825578",2,31,0.5
"rs1975526",1,32,0.5
"rs1975526",2,32,0.5
"rs150203985",1,33,0.5
"rs150203985",2,33,0.5
"rs62103026",1,34,0.5
"rs62103026",2,34,0.5
"rs62103027",1,35,0.5
"rs62103027",2,35,0.5
"rs67286684",1,36,0.5
"rs67286684",2,36,0.5
"rs59441037",1,37,0.5
"rs59441037",2,37,0.5
"rs57114567",1,38,0.5
"rs57114567",2,38,0.5
"rs11667161",1,39,0.5
"rs11667161",2,39,0.5
"rs191958038",1,40,0.5
"rs191958038",2,40,0.5
"rs188819713",1,41,0.5
"rs188819713",2,41,0.5
"rs8101112",1,42,0.5
"rs8101112",2,42,0.5
"rs192602556",1,43,0.5
"rs192602556",2,43,0.5
"rs182378235",1,44,0.5
"rs182378235",2,44,0.5
"rs8111890",1,45,0.5
"rs8111890",2,45,0.5
"rs4068295",1,46,0.5
"rs4068295",2,46,0.5
"rs56025600",1,47,0.5
"rs56025600",2,47,0.5
"rs4046256",1,48,0.5
"rs4046256",2,48,0.5
"rs78816921",1,49,0.5
"rs78816921",2,49,0.5
"rs146361744",1,50,0.5
"rs146361744",2,50,0.5
"rs148954319",1,51,0.5
"rs148954319",2,51,0.5
"rs62103043",1,52,0.5
"rs62103043",2,52,0.5
"rs7247199",1,53,0.5
"rs7247199",2,53,0.5
"rs3929173",1,54,0.5
"rs3929173",2,54,0.5
"rs1975527",1,55,0.5
"rs1975527",2,55,0.5
"rs1975528",1,56,0.5
"rs1975528",2,56,0.5
"rs3861552",1,57,0.5
"rs3861552",2,57,0.5
"rs4897929",1,58,0.5
"rs4897929",2,58,0.5
"rs190575937",1,59,0.5
"rs190575937",2,59,0.5
"rs1838706",1,60,0.5
"rs1838706",2,60,0.5
"rs1838707",1,61,0.5
"rs1838707",2,61,0.5
"rs1838708",1,62,0.5
"rs1838708",2,62,0.5
"rs1838709",1,63,0.5
"rs1838709",2,63,0.5
"rs2312103",1,64,0.5
"rs2312103",2,64,0.5
"rs150666353",1,65,0.5
"rs150666353",2,65,0.5
"rs9304891",1,66,0.5
"rs9304891",2,66,0.5
"rs10415249",1,67,0.5
"rs10415249",2,67,0.5
"rs62103045",1,68,0.5
"rs62103045",2,68,0.5
"rs10420814",1,69,0.5
"rs10420814",2,69,0.5
"rs10420821",1,70,0.5
"rs10420821",2,70,0.5
"rs8102643",1,71,0.5
"rs8102643",2,71,0.5
"rs149949827",1,72,0.5
"rs149949827",2,72,0.5
"rs8100217",1,73,0.5
"rs8100217",2,73,0.5
"rs2312104",1,74,0.5
"rs2312104",2,74,0.5
"rs2100030",1,75,0.5
"rs2100030",2,75,0.5
"rs2100031",1,76,0.5
"rs2100031",2,76,0.5
"rs9797819",1,77,0.5
"rs9797819",2,77,0.5
"rs74182499",1,78,0.5
"rs74182499",2,78,0.5
"rs9304892",1,79,0.5
"rs9304892",2,79,0.5
"rs78534646",1,80,0.5
"rs78534646",2,80,0.5
"rs4505454",1,81,0.5
"rs4505454",2,81,0.5
"rs8105941",1,82,0.5
"rs8105941",2,82,0.5
"rs8100066",1,83,0.5
"rs8100066",2,83,0.5
"rs8102615",1,84,0.5
"rs8102615",2,84,0.5
"rs8111191",1,85,0.5
"rs8111191",2,85,0.5
"rs8105536",1,86,0.5
"rs8105536",2,86,0.5
"rs8103376",1,87,0.5
"rs8103376",2,87,0.5
"rs8103515",1,88,0.5
"rs8103515",2,88,0.5
"rs8106295",1,89,0.5
"rs8106295",2,89,0.5
"rs182791801",1,90,0.5
"rs182791801",2,90,0.5
"rs8100934",1,91,0.5
"rs8100934",2,91,0.5
"rs72982331",1,92,0.5
"rs72982331",2,92,0.5
"rs4897932",1,93,0.5
"rs4897932",2,93,0.5
"rs139045143",1,94,0.5
"rs139045143",2,94,0.5
"rs6510641",1,95,0.5
"rs6510641",2,95,0.5
"rs11666758",1,96,0.5
"rs11666758",2,96,0.5
"rs13343391",1,97,0.5
"rs13343391",2,97,0.5
"rs117671630",1,98,0.5
"rs117671630",2,98,0.5
"rs2872115",1,99,0.5
"rs2872115",2,99,0.5
"rs2312723",1,100,0.5
"rs2312723",2,100,0.5
"rs6510643",1,101,0.5
"rs6510643",2,101,0.5
"rs6510644",1,102,0.5
"rs6510644",2,102,0.5
"rs2312724",1,103,0.5
"rs2312724",2,103,0.5
"rs8106462",1,104,0.5
"rs8106462",2,104,0.5
"rs149171388",1,105,0.5
"rs149171388",2,105,0.5
"rs1020382",1,106,0.5
"rs1020382",2,106,0.5
"rs11668555",1,107,0.5
"rs11668555",2,107,0.5
"rs1020383",1,108,0.5
"rs1020383",2,108,0.5
"rs17603472",1,109,0.5
"rs17603472",2,109,0.5
"rs138682465",1,110,0.5
"rs138682465",2,110,0.5
"rs188520640",1,111,0.5
"rs188520640",2,111,0.5
"rs185472992",1,112,0.5
"rs185472992",2,112,0.5
"rs10410038",1,113,0.5
"rs10410038",2,113,0.5
"rs62103048",1,114,0.5
"rs62103048",2,114,0.5
"rs10410047",1,115,0.5
"rs10410047",2,115,0.5
"rs72982337",1,116,0.5
"rs72982337",2,116,0.5
"rs143163260",1,117,0.5
"rs143163260",2,117,0.5
"rs75676091",1,118,0.5
"rs75676091",2,118,0.5
"rs142722885",1,119,0.5
"rs142722885",2,119,0.5
"rs12151115",1,120,0.5
"rs12151115",2,120,0.5
"rs62103049",1,121,0.5
"rs62103049",2,121,0.5
"rs10412645",1,122,0.5
"rs10412645",2,122,0.5
"rs3764659",1,123,0.5
"rs3764659",2,123,0.5
"rs116851916",1,124,0.5
"rs116851916",2,124,0.5
"rs146938393",1,125,0.5
"rs146938393",2,125,0.5
"rs12459906",1,126,0.5
"rs12459906",2,126,0.5
"rs117355941",1,127,0.5
"rs117355941",2,127,0.5
"rs11881657",1,128,0.5
"rs11881657",2,128,0.5
"rs11881658",1,129,0.5
"rs11881658",2,129,0.5
"rs11084928",1,130,0.5
"rs11084928",2,130,0.5
"rs146791060",1,131,0.5
"rs146791060",2,131,0.5
"rs184561383",1,132,0.5
"rs184561383",2,132,0.5
"rs12973065",1,133,0.5
"rs12973065",2,133,0.5
"rs183052849",1,134,0.5
"rs183052849",2,134,0.5
"rs11881632",1,135,0.5
"rs11881632",2,135,0.5
"rs11878315",1,136,0.5
"rs11878315",2,136,0.5
"rs73496477",1,137,0.5
"rs73496477",2,137,0.5
"rs77504545",1,138,0.5
"rs77504545",2,138,0.5
"rs7815",1,139,0.5
"rs7815",2,139,0.5
"rs146379924",1,140,0.5
"rs146379924",2,140,0.5
"rs10504",1,141,0.5
"rs10504",2,141,0.5
"rs34708574",1,142,0.5
"rs34708574",2,142,0.5
"rs113201138",1,143,0.5
"rs113201138",2,143,0.5
"rs141291870",1,144,0.5
"rs141291870",2,144,0.5
"rs1138439",1,145,0.5
"rs1138439",2,145,0.5
"rs62103050",1,146,0.5
"rs62103050",2,146,0.5
"rs80015295",1,147,0.5
"rs80015295",2,147,0.5
"rs112527004",1,148,0.5
"rs112527004",2,148,0.5
"rs187099615",1,149,0.5
"rs187099615",2,149,0.5
"rs56022735",1,150,0.5
"rs56022735",2,150,0.5
"rs118001495",1,151,0.5
"rs118001495",2,151,0.5
"rs138346211",1,152,0.5
"rs138346211",2,152,0.5
"rs56219430",1,153,0.5
"rs56219430",2,153,0.5
"rs112226691",1,154,0.5
"rs112226691",2,154,0.5
"rs142356366",1,155,0.5
"rs142356366",2,155,0.5
"rs4258738",1,156,0.5
"rs4258738",2,156,0.5
"rs79667887",1,157,0.5
"rs79667887",2,157,0.5
"rs140893876",1,158,0.5
"rs140893876",2,158,0.5
"rs12975007",1,159,0.5
"rs12975007",2,159,0.5
"rs72982364",1,160,0.5
"rs72982364",2,160,0.5
"rs185214238",1,161,0.5
"rs185214238",2,161,0.5
"rs61745392",1,162,0.5
"rs61745392",2,162,0.5
"rs145238946",1,163,0.5
"rs145238946",2,163,0.5
"rs185483453",1,164,0.5
"rs185483453",2,164,0.5
"rs11542542",1,165,0.5
"rs11542542",2,165,0.5
"rs10409452",1,166,0.5
"rs10409452",2,166,0.5
"rs12976715",1,167,0.5
"rs12976715",2,167,0.5
"rs12981067",1,168,0.5
"rs12981067",2,168,0.5
"rs76982856",1,169,0.5
"rs76982856",2,169,0.5
"rs140887190",1,170,0.5
"rs140887190",2,170,0.5
"rs12982096",1,171,0.5
"rs12982096",2,171,0.5
"rs10410591",1,172,0.5
"rs10410591",2,172,0.5
"rs148132913",1,173,0.5
"rs148132913",2,173,0.5
"rs74962951",1,174,0.5
"rs74962951",2,174,0.5
"rs35445548",1,175,0.5
"rs35445548",2,175,0.5
"rs75634604",1,176,0.5
"rs75634604",2,176,0.5
"rs12974219",1,177,0.5
"rs12974219",2,177,0.5
"rs113976206",1,178,0.5
"rs113976206",2,178,0.5
"rs12985425",1,179,0.5
"rs12985425",2,179,0.5
"rs28453035",1,180,0.5
"rs28453035",2,180,0.5
"rs28708393",1,181,0.5
"rs28708393",2,181,0.5
"rs28534823",1,182,0.5
"rs28534823",2,182,0.5
"rs28573771",1,183,0.5
"rs28573771",2,183,0.5
"rs28664168",1,184,0.5
"rs28664168",2,184,0.5
"rs12977857",1,185,0.5
"rs12977857",2,185,0.5
"rs118098755",1,186,0.5
"rs118098755",2,186,0.5
"rs10420072",1,187,0.5
"rs10420072",2,187,0.5
"rs140927662",1,188,0.5
"rs140927662",2,188,0.5
"rs12979151",1,189,0.5
"rs12979151",2,189,0.5
"rs8102122",1,190,0.5
"rs8102122",2,190,0.5
"rs116026115",1,191,0.5
"rs116026115",2,191,0.5
"rs114825402",1,192,0.5
"rs114825402",2,192,0.5
"rs8111051",1,193,0.5
"rs8111051",2,193,0.5
"rs116891859",1,194,0.5
"rs116891859",2,194,0.5
"rs187967956",1,195,0.5
"rs187967956",2,195,0.5
"rs149179498",1,196,0.5
"rs149179498",2,196,0.5
"rs3813154",1,197,0.5
"rs3813154",2,197,0.5
"rs10409897",1,198,0.5
"rs10409897",2,198,0.5
"rs895345",1,199,0.5
"rs895345",2,199,0.5
"rs895344",1,200,0.5
"rs895344",2,200,0.5
"rs895343",1,201,0.5
"rs895343",2,201,0.5
"rs113701512",1,202,0.5
"rs113701512",2,202,0.5
"rs12986214",1,203,0.5
"rs12986214",2,203,0.5
"rs144134773",1,204,0.5
"rs144134773",2,204,0.5
"rs1077444",1,205,0.5
"rs1077444",2,205,0.5
"rs1077445",1,206,0.5
"rs1077445",2,206,0.5
"rs1077446",1,207,0.5
"rs1077446",2,207,0.5
"rs1106581",1,208,0.5
"rs1106581",2,208,0.5
"rs139791863",1,209,0.5
"rs139791863",2,209,0.5
"rs79264761",1,210,0.5
"rs79264761",2,210,0.5
"rs12971779",1,211,0.5
"rs12971779",2,211,0.5
"rs77790410",1,212,0.5
"rs77790410",2,212,0.5
"rs143273010",1,213,0.5
"rs143273010",2,213,0.5
"rs1108414",1,214,0.5
"rs1108414",2,214,0.5
"rs116541991",1,215,0.5
"rs116541991",2,215,0.5
"rs747820",1,216,0.5
"rs747820",2,216,0.5
"rs895342",1,217,0.5
"rs895342",2,217,0.5
"rs895341",1,218,0.5
"rs895341",2,218,0.5
"rs734885",1,219,0.5
"rs734885",2,219,0.5
"rs8101944",1,220,0.5
"rs8101944",2,220,0.5
"rs118017899",1,221,0.5
"rs118017899",2,221,0.5
"rs72982388",1,222,0.5
"rs72982388",2,222,0.5
"rs72982390",1,223,0.5
"rs72982390",2,223,0.5
"rs35892447",1,224,0.5
"rs35892447",2,224,0.5
"rs34933674",1,225,0.5
"rs34933674",2,225,0.5
"rs4898159",1,226,0.5
"rs4898159",2,226,0.5
"rs117442914",1,227,0.5
"rs117442914",2,227,0.5
"rs72982393",1,228,0.5
"rs72982393",2,228,0.5
"rs191191220",1,229,0.5
"rs191191220",2,229,0.5
"rs10418525",1,230,0.5
"rs10418525",2,230,0.5
"rs114187424",1,231,0.5
"rs114187424",2,231,0.5
"rs8112322",1,232,0.5
"rs8112322",2,232,0.5
"rs184887689",1,233,0.5
"rs184887689",2,233,0.5
"rs117831437",1,234,0.5
"rs117831437",2,234,0.5
"rs58971616",1,235,0.5
"rs58971616",2,235,0.5
"rs12463256",1,236,0.5
"rs12463256",2,236,0.5
"rs186356170",1,237,0.5
"rs186356170",2,237,0.5
"rs4897847",1,238,0.5
"rs4897847",2,238,0.5
"rs4897937",1,239,0.5
"rs4897937",2,239,0.5
"rs4897848",1,240,0.5
"rs4897848",2,240,0.5
"rs4897938",1,241,0.5
"rs4897938",2,241,0.5
"rs10432301",1,242,0.5
"rs10432301",2,242,0.5
"rs4898158",1,243,0.5
"rs4898158",2,243,0.5
"rs35555297",1,244,0.5
"rs35555297",2,244,0.5
"rs34760170",1,245,0.5
"rs34760170",2,245,0.5
"rs36125928",1,246,0.5
"rs36125928",2,246,0.5
"rs145997115",1,247,0.5
"rs145997115",2,247,0.5
"rs56379692",1,248,0.5
"rs56379692",2,248,0.5
"rs55884082",1,249,0.5
"rs55884082",2,249,0.5
"rs55901038",1,250,0.5
"rs55901038",2,250,0.5
"rs112684376",1,251,0.5
"rs112684376",2,251,0.5
"rs10402079",1,252,0.5
"rs10402079",2,252,0.5
"rs60329036",1,253,0.5
"rs60329036",2,253,0.5
"rs112500287",1,254,0.5
"rs112500287",2,254,0.5
"rs77042663",1,255,0.5
"rs77042663",2,255,0.5
"rs7253913",1,256,0.5
"rs7253913",2,256,0.5
"rs7253919",1,257,0.5
"rs7253919",2,257,0.5
"rs79924586",1,258,0.5
"rs79924586",2,258,0.5
"rs10410483",1,259,0.5
"rs10410483",2,259,0.5
"rs4897939",1,260,0.5
"rs4897939",2,260,0.5
"rs4897940",1,261,0.5
"rs4897940",2,261,0.5
"rs4897941",1,262,0.5
"rs4897941",2,262,0.5
"rs148058852",1,263,0.5
"rs148058852",2,263,0.5
"rs4897942",1,264,0.5
"rs4897942",2,264,0.5
"rs58028278",1,265,0.5
"rs58028278",2,265,0.5
"rs67794573",1,266,0.5
"rs67794573",2,266,0.5
"rs28514922",1,267,0.5
"rs28514922",2,267,0.5
"rs28435550",1,268,0.5
"rs28435550",2,268,0.5
"rs142756940",1,269,0.5
"rs142756940",2,269,0.5
"rs117465920",1,270,0.5
"rs117465920",2,270,0.5
"rs76159277",1,271,0.5
"rs76159277",2,271,0.5
"rs4897943",1,272,0.5
"rs4897943",2,272,0.5
"rs10412624",1,273,0.5
"rs10412624",2,273,0.5
"rs72982400",1,274,0.5
"rs72982400",2,274,0.5
"rs10408007",1,275,0.5
"rs10408007",2,275,0.5
"rs144468958",1,276,0.5
"rs144468958",2,276,0.5
"rs145787311",1,277,0.5
"rs145787311",2,277,0.5
"rs115921397",1,278,0.5
"rs115921397",2,278,0.5
"rs118023330",1,279,0.5
"rs118023330",2,279,0.5
"rs10421358",1,280,0.5
"rs10421358",2,280,0.5
"rs187930758",1,281,0.5
"rs187930758",2,281,0.5
"rs72982402",1,282,0.5
"rs72982402",2,282,0.5
"rs34129568",1,283,0.5
"rs34129568",2,283,0.5
"rs148132163",1,284,0.5
"rs148132163",2,284,0.5
"rs117616171",1,285,0.5
"rs117616171",2,285,0.5
"rs77028848",1,286,0.5
"rs77028848",2,286,0.5
"rs115623921",1,287,0.5
"rs115623921",2,287,0.5
"rs139315873",1,288,0.5
"rs139315873",2,288,0.5
"rs72984404",1,289,0.5
"rs72984404",2,289,0.5
"rs183747969",1,290,0.5
"rs183747969",2,290,0.5
"rs72984405",1,291,0.5
"rs72984405",2,291,0.5
"rs58838051",1,292,0.5
"rs58838051",2,292,0.5
"rs35692286",1,293,0.5
"rs35692286",2,293,0.5
"rs34072792",1,294,0.5
"rs34072792",2,294,0.5
"rs115246114",1,295,0.5
"rs115246114",2,295,0.5
"rs111862515",1,296,0.5
"rs111862515",2,296,0.5
"rs112795990",1,297,0.5
"rs112795990",2,297,0.5
"rs9749212",1,298,0.5
"rs9749212",2,298,0.5
"rs72984410",1,299,0.5
"rs72984410",2,299,0.5
"rs72984411",1,300,0.5
"rs72984411",2,300,0.5
"rs72984413",1,301,0.5
"rs72984413",2,301,0.5
"rs72984416",1,302,0.5
"rs72984416",2,302,0.5
"rs72984418",1,303,0.5
"rs72984418",2,303,0.5
"rs72984420",1,304,0.5
"rs72984420",2,304,0.5
"rs8111494",1,305,0.5
"rs8111494",2,305,0.5
"rs12104341",1,306,0.5
"rs12104341",2,306,0.5
"rs12104342",1,307,0.5
"rs12104342",2,307,0.5
"rs78258197",1,308,0.5
"rs78258197",2,308,0.5
"rs182531568",1,309,0.5
"rs182531568",2,309,0.5
"rs185399192",1,310,0.5
"rs185399192",2,310,0.5
"rs12104344",1,311,0.5
"rs12104344",2,311,0.5
"rs8100665",1,312,0.5
"rs8100665",2,312,0.5
"rs187979718",1,313,0.5
"rs187979718",2,313,0.5
"rs113446432",1,314,0.5
"rs113446432",2,314,0.5
"rs140281396",1,315,0.5
"rs140281396",2,315,0.5
"rs10404083",1,316,0.5
"rs10404083",2,316,0.5
"rs72984427",1,317,0.5
"rs72984427",2,317,0.5
"rs111820777",1,318,0.5
"rs111820777",2,318,0.5
"rs117010939",1,319,0.5
"rs117010939",2,319,0.5
"rs8104600",1,320,0.5
"rs8104600",2,320,0.5
"rs60667274",1,321,0.5
"rs60667274",2,321,0.5
"rs147239603",1,322,0.5
"rs147239603",2,322,0.5
"rs61710650",1,323,0.5
"rs61710650",2,323,0.5
"rs57027105",1,324,0.5
"rs57027105",2,324,0.5
"rs57360893",1,325,0.5
"rs57360893",2,325,0.5
"rs60199290",1,326,0.5
"rs60199290",2,326,0.5
"rs58749922",1,327,0.5
"rs58749922",2,327,0.5
"rs10412001",1,328,0.5
"rs10412001",2,328,0.5
"rs111374101",1,329,0.5
"rs111374101",2,329,0.5
"rs72984430",1,330,0.5
"rs72984430",2,330,0.5
"rs149676148",1,331,0.5
"rs149676148",2,331,0.5
"rs78169328",1,332,0.5
"rs78169328",2,332,0.5
"rs72984433",1,333,0.5
"rs72984433",2,333,0.5
"rs72984434",1,334,0.5
"rs72984434",2,334,0.5
"rs7253294",1,335,0.5
"rs7253294",2,335,0.5
"rs72984437",1,336,0.5
"rs72984437",2,336,0.5
"rs72984438",1,337,0.5
"rs72984438",2,337,0.5
"rs141089586",1,338,0.5
"rs141089586",2,338,0.5
"rs72984441",1,339,0.5
"rs72984441",2,339,0.5
"rs191182914",1,340,0.5
"rs191182914",2,340,0.5
"rs113990004",1,341,0.5
"rs113990004",2,341,0.5
"rs144025841",1,342,0.5
"rs144025841",2,342,0.5
"rs112626059",1,343,0.5
"rs112626059",2,343,0.5
"rs181602862",1,344,0.5
"rs181602862",2,344,0.5
"rs184789585",1,345,0.5
"rs184789585",2,345,0.5
"rs190090414",1,346,0.5
"rs190090414",2,346,0.5
"rs11665790",1,347,0.5
"rs11665790",2,347,0.5
"rs72984443",1,348,0.5
"rs72984443",2,348,0.5
"rs145311695",1,349,0.5
"rs145311695",2,349,0.5
"rs7246500",1,350,0.5
"rs7246500",2,350,0.5
"rs72984446",1,351,0.5
"rs72984446",2,351,0.5
"rs72984447",1,352,0.5
"rs72984447",2,352,0.5
"rs7256434",1,353,0.5
"rs7256434",2,353,0.5
"rs112519633",1,354,0.5
"rs112519633",2,354,0.5
"rs117919969",1,355,0.5
"rs117919969",2,355,0.5
"rs115661680",1,356,0.5
"rs115661680",2,356,0.5
"rs58456632",1,357,0.5
"rs58456632",2,357,0.5
"rs147034800",1,358,0.5
"rs147034800",2,358,0.5
"rs8108171",1,359,0.5
"rs8108171",2,359,0.5
"rs58922652",1,360,0.5
"rs58922652",2,360,0.5
"rs34573407",1,361,0.5
"rs34573407",2,361,0.5
"rs182200776",1,362,0.5
"rs182200776",2,362,0.5
"rs8100283",1,363,0.5
"rs8100283",2,363,0.5
"rs8110810",1,364,0.5
"rs8110810",2,364,0.5
"rs192369809",1,365,0.5
"rs192369809",2,365,0.5
"rs62103701",1,366,0.5
"rs62103701",2,366,0.5
"rs60551457",1,367,0.5
"rs60551457",2,367,0.5
"rs8100510",1,368,0.5
"rs8100510",2,368,0.5
"rs57568301",1,369,0.5
"rs57568301",2,369,0.5
"rs57815234",1,370,0.5
"rs57815234",2,370,0.5
"rs7250095",1,371,0.5
"rs7250095",2,371,0.5
"rs7258924",1,372,0.5
"rs7258924",2,372,0.5
"rs72984452",1,373,0.5
"rs72984452",2,373,0.5
"rs72984453",1,374,0.5
"rs72984453",2,374,0.5
"rs72984455",1,375,0.5
"rs72984455",2,375,0.5
"rs112759227",1,376,0.5
"rs112759227",2,376,0.5
"rs189317815",1,377,0.5
"rs189317815",2,377,0.5
"rs72984457",1,378,0.5
"rs72984457",2,378,0.5
"rs72984459",1,379,0.5
"rs72984459",2,379,0.5
"rs12985853",1,380,0.5
"rs12985853",2,380,0.5
"rs72984461",1,381,0.5
"rs72984461",2,381,0.5
"rs4897945",1,382,0.5
"rs4897945",2,382,0.5
"rs4897946",1,383,0.5
"rs4897946",2,383,0.5
"rs117278056",1,384,0.5
"rs117278056",2,384,0.5
"rs4897849",1,385,0.5
"rs4897849",2,385,0.5
"rs57182120",1,386,0.5
"rs57182120",2,386,0.5
"rs191315235",1,387,0.5
"rs191315235",2,387,0.5
"rs72984464",1,388,0.5
"rs72984464",2,388,0.5
"rs118128818",1,389,0.5
"rs118128818",2,389,0.5
"rs140216224",1,390,0.5
"rs140216224",2,390,0.5
"rs190520249",1,391,0.5
"rs190520249",2,391,0.5
"rs11881923",1,392,0.5
"rs11881923",2,392,0.5
"rs72984468",1,393,0.5
"rs72984468",2,393,0.5
"rs117038033",1,394,0.5
"rs117038033",2,394,0.5
"rs117357201",1,395,0.5
"rs117357201",2,395,0.5
"rs59449878",1,396,0.5
"rs59449878",2,396,0.5
"rs72984470",1,397,0.5
"rs72984470",2,397,0.5
"rs72984471",1,398,0.5
"rs72984471",2,398,0.5
"rs72984474",1,399,0.5
"rs72984474",2,399,0.5
"rs72984476",1,400,0.5
"rs72984476",2,400,0.5
"rs72984480",1,401,0.5
"rs72984480",2,401,0.5
"rs1971179",1,402,0.5
"rs1971179",2,402,0.5
"rs1971178",1,403,0.5
"rs1971178",2,403,0.5
"rs137994015",1,404,0.5
"rs137994015",2,404,0.5
"rs142665817",1,405,0.5
"rs142665817",2,405,0.5
"rs143162592",1,406,0.5
"rs143162592",2,406,0.5
"rs72984481",1,407,0.5
"rs72984481",2,407,0.5
"rs141174269",1,408,0.5
"rs141174269",2,408,0.5
"rs12462719",1,409,0.5
"rs12462719",2,409,0.5
"rs139592058",1,410,0.5
"rs139592058",2,410,0.5
"rs34179183",1,411,0.5
"rs34179183",2,411,0.5
"rs185563911",1,412,0.5
"rs185563911",2,412,0.5
"rs113167058",1,413,0.5
"rs113167058",2,413,0.5
"rs117331325",1,414,0.5
"rs117331325",2,414,0.5
"rs181043535",1,415,0.5
"rs181043535",2,415,0.5
"rs117666121",1,416,0.5
"rs117666121",2,416,0.5
"rs142291318",1,417,0.5
"rs142291318",2,417,0.5
"rs144243562",1,418,0.5
"rs144243562",2,418,0.5
"rs146488494",1,419,0.5
"rs146488494",2,419,0.5
"rs141052840",1,420,0.5
"rs141052840",2,420,0.5
"rs190374307",1,421,0.5
"rs190374307",2,421,0.5
"rs150139098",1,422,0.5
"rs150139098",2,422,0.5
"rs4897948",1,423,0.5
"rs4897948",2,423,0.5
"rs143536106",1,424,0.5
"rs143536106",2,424,0.5
"rs192078966",1,425,0.5
"rs192078966",2,425,0.5
"rs138720852",1,426,0.5
"rs138720852",2,426,0.5
"rs9630891",1,427,0.5
"rs9630891",2,427,0.5
"rs12462494",1,428,0.5
"rs12462494",2,428,0.5
"rs12165119",1,429,0.5
"rs12165119",2,429,0.5
"rs9304896",1,430,0.5
"rs9304896",2,430,0.5
"rs146590395",1,431,0.5
"rs146590395",2,431,0.5
"rs72984491",1,432,0.5
"rs72984491",2,432,0.5
"rs12459669",1,433,0.5
"rs12459669",2,433,0.5
"rs193147042",1,434,0.5
"rs193147042",2,434,0.5
"rs185708275",1,435,0.5
"rs185708275",2,435,0.5
"rs10414938",1,436,0.5
"rs10414938",2,436,0.5
"rs62103704",1,437,0.5
"rs62103704",2,437,0.5
"rs117979700",1,438,0.5
"rs117979700",2,438,0.5
"rs72984498",1,439,0.5
"rs72984498",2,439,0.5
"rs62103705",1,440,0.5
"rs62103705",2,440,0.5
"rs73916894",1,441,0.5
"rs73916894",2,441,0.5
"rs58761889",1,442,0.5
"rs58761889",2,442,0.5
"rs61018085",1,443,0.5
"rs61018085",2,443,0.5
"rs61389123",1,444,0.5
"rs61389123",2,444,0.5
"rs60918406",1,445,0.5
"rs60918406",2,445,0.5
"rs146054575",1,446,0.5
"rs146054575",2,446,0.5
"rs11882511",1,447,0.5
"rs11882511",2,447,0.5
"rs4897949",1,448,0.5
"rs4897949",2,448,0.5
"rs55970301",1,449,0.5
"rs55970301",2,449,0.5
"rs115288588",1,450,0.5
"rs115288588",2,450,0.5
"rs7256086",1,451,0.5
"rs7256086",2,451,0.5
"rs150312475",1,452,0.5
"rs150312475",2,452,0.5
"rs7250846",1,453,0.5
"rs7250846",2,453,0.5
"rs731804",1,454,0.5
"rs731804",2,454,0.5
"rs7257040",1,455,0.5
"rs7257040",2,455,0.5
"rs2305113",1,456,0.5
"rs2305113",2,456,0.5
"rs57488274",1,457,0.5
"rs57488274",2,457,0.5
"rs55891703",1,458,0.5
"rs55891703",2,458,0.5
"rs4897950",1,459,0.5
"rs4897950",2,459,0.5
"rs139296555",1,460,0.5
"rs139296555",2,460,0.5
"rs7246089",1,461,0.5
"rs7246089",2,461,0.5
"rs34444016",1,462,0.5
"rs34444016",2,462,0.5
"rs12972250",1,463,0.5
"rs12972250",2,463,0.5
"rs115504326",1,464,0.5
"rs115504326",2,464,0.5
"rs57948121",1,465,0.5
"rs57948121",2,465,0.5
"rs10420041",1,466,0.5
"rs10420041",2,466,0.5
"rs4897951",1,467,0.5
"rs4897951",2,467,0.5
"rs186625162",1,468,0.5
"rs186625162",2,468,0.5
"rs72986411",1,469,0.5
"rs72986411",2,469,0.5
"rs7253509",1,470,0.5
"rs7253509",2,470,0.5
"rs7260345",1,471,0.5
"rs7260345",2,471,0.5
"rs111696371",1,472,0.5
"rs111696371",2,472,0.5
"rs57828936",1,473,0.5
"rs57828936",2,473,0.5
"rs186472252",1,474,0.5
"rs186472252",2,474,0.5
"rs61131955",1,475,0.5
"rs61131955",2,475,0.5
"rs189044578",1,476,0.5
"rs189044578",2,476,0.5
"rs180996987",1,477,0.5
"rs180996987",2,477,0.5
"rs140925771",1,478,0.5
"rs140925771",2,478,0.5
"rs10426432",1,479,0.5
"rs10426432",2,479,0.5
"rs11084956",1,480,0.5
"rs11084956",2,480,0.5
"rs190518420",1,481,0.5
"rs190518420",2,481,0.5
"rs72986417",1,482,0.5
"rs72986417",2,482,0.5
"rs182987222",1,483,0.5
"rs182987222",2,483,0.5
"rs11883060",1,484,0.5
"rs11883060",2,484,0.5
"rs193000076",1,485,0.5
"rs193000076",2,485,0.5
"rs895346",1,486,0.5
"rs895346",2,486,0.5
"rs138249510",1,487,0.5
"rs138249510",2,487,0.5
"rs921015",1,488,0.5
"rs921015",2,488,0.5
"rs114338681",1,489,0.5
"rs114338681",2,489,0.5
"rs3816322",1,490,0.5
"rs3816322",2,490,0.5
"rs35953308",1,491,0.5
"rs35953308",2,491,0.5
"rs11879189",1,492,0.5
"rs11879189",2,492,0.5
"rs11880770",1,493,0.5
"rs11880770",2,493,0.5
"rs72986421",1,494,0.5
"rs72986421",2,494,0.5
"rs113142147",1,495,0.5
"rs113142147",2,495,0.5
"rs8182545",1,496,0.5
"rs8182545",2,496,0.5
"rs8182490",1,497,0.5
"rs8182490",2,497,0.5
"rs189560805",1,498,0.5
"rs189560805",2,498,0.5
"rs7251926",1,499,0.5
"rs7251926",2,499,0.5
"rs7246029",1,500,0.5
"rs7246029",2,500,0.5
"rs78208421",1,501,0.5
"rs78208421",2,501,0.5
"rs4897952",1,502,0.5
"rs4897952",2,502,0.5
"rs149008171",1,503,0.5
"rs149008171",2,503,0.5
"rs4897953",1,504,0.5
"rs4897953",2,504,0.5
"rs10409329",1,505,0.5
"rs10409329",2,505,0.5
"rs113379819",1,506,0.5
"rs113379819",2,506,0.5
"rs181628355",1,507,0.5
"rs181628355",2,507,0.5
"rs72986429",1,508,0.5
"rs72986429",2,508,0.5
"rs10416141",1,509,0.5
"rs10416141",2,509,0.5
"rs2121143",1,510,0.5
"rs2121143",2,510,0.5
"rs2084111",1,511,0.5
"rs2084111",2,511,0.5
"rs192081904",1,512,0.5
"rs192081904",2,512,0.5
"rs2084112",1,513,0.5
"rs2084112",2,513,0.5
"rs146044941",1,514,0.5
"rs146044941",2,514,0.5
"rs878685",1,515,0.5
"rs878685",2,515,0.5
"rs878686",1,516,0.5
"rs878686",2,516,0.5
"rs117209502",1,517,0.5
"rs117209502",2,517,0.5
"rs118070482",1,518,0.5
"rs118070482",2,518,0.5
"rs895347",1,519,0.5
"rs895347",2,519,0.5
"rs139380406",1,520,0.5
"rs139380406",2,520,0.5
"rs117274748",1,521,0.5
"rs117274748",2,521,0.5
"rs146392138",1,522,0.5
"rs146392138",2,522,0.5
"rs882572",1,523,0.5
"rs882572",2,523,0.5
"rs8112033",1,524,0.5
"rs8112033",2,524,0.5
"rs8100798",1,525,0.5
"rs8100798",2,525,0.5
"rs12462670",1,526,0.5
"rs12462670",2,526,0.5
"rs57802554",1,527,0.5
"rs57802554",2,527,0.5
"rs60721162",1,528,0.5
"rs60721162",2,528,0.5
"rs8101526",1,529,0.5
"rs8101526",2,529,0.5
"rs8101528",1,530,0.5
"rs8101528",2,530,0.5
"rs112332352",1,531,0.5
"rs112332352",2,531,0.5
"rs72986440",1,532,0.5
"rs72986440",2,532,0.5
"rs4549009",1,533,0.5
"rs4549009",2,533,0.5
"rs72986442",1,534,0.5
"rs72986442",2,534,0.5
"rs77249113",1,535,0.5
"rs77249113",2,535,0.5
"rs2166359",1,536,0.5
"rs2166359",2,536,0.5
"rs147878597",1,537,0.5
"rs147878597",2,537,0.5
"rs79196409",1,538,0.5
"rs79196409",2,538,0.5
"rs4897853",1,539,0.5
"rs4897853",2,539,0.5
"rs35911837",1,540,0.5
"rs35911837",2,540,0.5
"rs181813512",1,541,0.5
"rs181813512",2,541,0.5
"rs118100090",1,542,0.5
"rs118100090",2,542,0.5
"rs117872315",1,543,0.5
"rs117872315",2,543,0.5
"rs147299144",1,544,0.5
"rs147299144",2,544,0.5
"rs117591806",1,545,0.5
"rs117591806",2,545,0.5
"rs56365048",1,546,0.5
"rs56365048",2,546,0.5
"rs11084976",1,547,0.5
"rs11084976",2,547,0.5
"rs111470322",1,548,0.5
"rs111470322",2,548,0.5
"rs148582215",1,549,0.5
"rs148582215",2,549,0.5
"rs143652011",1,550,0.5
"rs143652011",2,550,0.5
"rs140367263",1,551,0.5
"rs140367263",2,551,0.5
"rs7255195",1,552,0.5
"rs7255195",2,552,0.5
"rs138105226",1,553,0.5
"rs138105226",2,553,0.5
"rs193082600",1,554,0.5
"rs193082600",2,554,0.5
"rs6510724",1,555,0.5
"rs6510724",2,555,0.5
"rs6510725",1,556,0.5
"rs6510725",2,556,0.5
"rs12609809",1,557,0.5
"rs12609809",2,557,0.5
"rs12611022",1,558,0.5
"rs12611022",2,558,0.5
"rs62103740",1,559,0.5
"rs62103740",2,559,0.5
"rs8101631",1,560,0.5
"rs8101631",2,560,0.5
"rs186469072",1,561,0.5
"rs186469072",2,561,0.5
"rs62103741",1,562,0.5
"rs62103741",2,562,0.5
"rs8101753",1,563,0.5
"rs8101753",2,563,0.5
"rs62103742",1,564,0.5
"rs62103742",2,564,0.5
"rs8113440",1,565,0.5
"rs8113440",2,565,0.5
"rs146825374",1,566,0.5
"rs146825374",2,566,0.5
"rs8105171",1,567,0.5
"rs8105171",2,567,0.5
"rs8105194",1,568,0.5
"rs8105194",2,568,0.5
"rs8102686",1,569,0.5
"rs8102686",2,569,0.5
"rs138638007",1,570,0.5
"rs138638007",2,570,0.5
"rs140170899",1,571,0.5
"rs140170899",2,571,0.5
"rs147857249",1,572,0.5
"rs147857249",2,572,0.5
"rs191342235",1,573,0.5
"rs191342235",2,573,0.5
"rs55878052",1,574,0.5
"rs55878052",2,574,0.5
"rs139752922",1,575,0.5
"rs139752922",2,575,0.5
"rs118038261",1,576,0.5
"rs118038261",2,576,0.5
"rs118145995",1,577,0.5
"rs118145995",2,577,0.5
"rs111925032",1,578,0.5
"rs111925032",2,578,0.5
"rs190954679",1,579,0.5
"rs190954679",2,579,0.5
"rs78947599",1,580,0.5
"rs78947599",2,580,0.5
"rs79550363",1,581,0.5
"rs79550363",2,581,0.5
"rs2044406",1,582,0.5
"rs2044406",2,582,0.5
"rs138916067",1,583,0.5
"rs138916067",2,583,0.5
"rs78018614",1,584,0.5
"rs78018614",2,584,0.5
"rs34965934",1,585,0.5
"rs34965934",2,585,0.5
"rs2044407",1,586,0.5
"rs2044407",2,586,0.5
"rs76635514",1,587,0.5
"rs76635514",2,587,0.5
"rs145916974",1,588,0.5
"rs145916974",2,588,0.5
"rs75993469",1,589,0.5
"rs75993469",2,589,0.5
"rs79443493",1,590,0.5
"rs79443493",2,590,0.5
"rs149569692",1,591,0.5
"rs149569692",2,591,0.5
"rs148331033",1,592,0.5
"rs148331033",2,592,0.5
"rs10423498",1,593,0.5
"rs10423498",2,593,0.5
"rs115499897",1,594,0.5
"rs115499897",2,594,0.5
"rs12461882",1,595,0.5
"rs12461882",2,595,0.5
"rs10415340",1,596,0.5
"rs10415340",2,596,0.5
"rs118028993",1,597,0.5
"rs118028993",2,597,0.5
"rs116872704",1,598,0.5
"rs116872704",2,598,0.5
"rs4897954",1,599,0.5
"rs4897954",2,599,0.5
"rs4897955",1,600,0.5
"rs4897955",2,600,0.5
"rs7254684",1,601,0.5
"rs7254684",2,601,0.5
"rs74746567",1,602,0.5
"rs74746567",2,602,0.5
"rs148175889",1,603,0.5
"rs148175889",2,603,0.5
"rs112301751",1,604,0.5
"rs112301751",2,604,0.5
"rs142990175",1,605,0.5
"rs142990175",2,605,0.5
"rs117039301",1,606,0.5
"rs117039301",2,606,0.5
"rs113537791",1,607,0.5
"rs113537791",2,607,0.5
"rs143987486",1,608,0.5
"rs143987486",2,608,0.5
"rs146462555",1,609,0.5
"rs146462555",2,609,0.5
"rs76903171",1,610,0.5
"rs76903171",2,610,0.5
"rs4897956",1,611,0.5
"rs4897956",2,611,0.5
"rs4897957",1,612,0.5
"rs4897957",2,612,0.5
"rs151325326",1,613,0.5
"rs151325326",2,613,0.5
"rs716702",1,614,0.5
"rs716702",2,614,0.5
"rs7255752",1,615,0.5
"rs7255752",2,615,0.5
"rs11670930",1,616,0.5
"rs11670930",2,616,0.5
"rs79859128",1,617,0.5
"rs79859128",2,617,0.5
"rs151167191",1,618,0.5
"rs151167191",2,618,0.5
"rs186050891",1,619,0.5
"rs186050891",2,619,0.5
"rs191887206",1,620,0.5
"rs191887206",2,620,0.5
"rs12976337",1,621,0.5
"rs12976337",2,621,0.5
"rs187499607",1,622,0.5
"rs187499607",2,622,0.5
"rs190679685",1,623,0.5
"rs190679685",2,623,0.5
"rs35422782",1,624,0.5
"rs35422782",2,624,0.5
"rs185660459",1,625,0.5
"rs185660459",2,625,0.5
"rs34223856",1,626,0.5
"rs34223856",2,626,0.5
"rs77251319",1,627,0.5
"rs77251319",2,627,0.5
"rs12985964",1,628,0.5
"rs12985964",2,628,0.5
"rs193169966",1,629,0.5
"rs193169966",2,629,0.5
"rs12986018",1,630,0.5
"rs12986018",2,630,0.5
"rs112117448",1,631,0.5
"rs112117448",2,631,0.5
"rs111227629",1,632,0.5
"rs111227629",2,632,0.5
"rs112403823",1,633,0.5
"rs112403823",2,633,0.5
"rs112236524",1,634,0.5
"rs112236524",2,634,0.5
"rs113739665",1,635,0.5
"rs113739665",2,635,0.5
"rs3764656",1,636,0.5
"rs3764656",2,636,0.5
"rs145779146",1,637,0.5
"rs145779146",2,637,0.5
"rs77702114",1,638,0.5
"rs77702114",2,638,0.5
"rs143561658",1,639,0.5
"rs143561658",2,639,0.5
"rs11667575",1,640,0.5
"rs11667575",2,640,0.5
"rs4407176",1,641,0.5
"rs4407176",2,641,0.5
"rs73506541",1,642,0.5
"rs73506541",2,642,0.5
"rs112134523",1,643,0.5
"rs112134523",2,643,0.5
"rs73506543",1,644,0.5
"rs73506543",2,644,0.5
"rs113438119",1,645,0.5
"rs113438119",2,645,0.5
"rs73506546",1,646,0.5
"rs73506546",2,646,0.5
"rs7508262",1,647,0.5
"rs7508262",2,647,0.5
"rs7507374",1,648,0.5
"rs7507374",2,648,0.5
"rs111364229",1,649,0.5
"rs111364229",2,649,0.5
"rs35809223",1,650,0.5
"rs35809223",2,650,0.5
"rs35634354",1,651,0.5
"rs35634354",2,651,0.5
"rs35987658",1,652,0.5
"rs35987658",2,652,0.5
"rs117905131",1,653,0.5
"rs117905131",2,653,0.5
"rs186652375",1,654,0.5
"rs186652375",2,654,0.5
"rs116891054",1,655,0.5
"rs116891054",2,655,0.5
"rs117253777",1,656,0.5
"rs117253777",2,656,0.5
"rs75874901",1,657,0.5
"rs75874901",2,657,0.5
"rs11084999",1,658,0.5
"rs11084999",2,658,0.5
"rs62103757",1,659,0.5
"rs62103757",2,659,0.5
"rs192696585",1,660,0.5
"rs192696585",2,660,0.5
"rs8110744",1,661,0.5
"rs8110744",2,661,0.5
"rs111287209",1,662,0.5
"rs111287209",2,662,0.5
"rs113652098",1,663,0.5
"rs113652098",2,663,0.5
"rs8102212",1,664,0.5
"rs8102212",2,664,0.5
"rs141623551",1,665,0.5
"rs141623551",2,665,0.5
"rs112879946",1,666,0.5
"rs112879946",2,666,0.5
"rs147178339",1,667,0.5
"rs147178339",2,667,0.5
"rs8105905",1,668,0.5
"rs8105905",2,668,0.5
"rs144026868",1,669,0.5
"rs144026868",2,669,0.5
"rs113816968",1,670,0.5
"rs113816968",2,670,0.5
"rs185466313",1,671,0.5
"rs185466313",2,671,0.5
"rs8099907",1,672,0.5
"rs8099907",2,672,0.5
"rs632599",1,673,0.5
"rs632599",2,673,0.5
"rs617479",1,674,0.5
"rs617479",2,674,0.5
"rs618305",1,675,0.5
"rs618305",2,675,0.5
"rs618409",1,676,0.5
"rs618409",2,676,0.5
"rs74822321",1,677,0.5
"rs74822321",2,677,0.5
"rs78701651",1,678,0.5
"rs78701651",2,678,0.5
"rs8100629",1,679,0.5
"rs8100629",2,679,0.5
"rs662435",1,680,0.5
"rs662435",2,680,0.5
"rs188174298",1,681,0.5
"rs188174298",2,681,0.5
"rs662901",1,682,0.5
"rs662901",2,682,0.5
"rs662923",1,683,0.5
"rs662923",2,683,0.5
"rs76391170",1,684,0.5
"rs76391170",2,684,0.5
"rs117158999",1,685,0.5
"rs117158999",2,685,0.5
"rs2441039",1,686,0.5
"rs2441039",2,686,0.5
"rs2441041",1,687,0.5
"rs2441041",2,687,0.5
"rs113727060",1,688,0.5
"rs113727060",2,688,0.5
"rs657745",1,689,0.5
"rs657745",2,689,0.5
"rs658603",1,690,0.5
"rs658603",2,690,0.5
"rs149039984",1,691,0.5
"rs149039984",2,691,0.5
"rs116841123",1,692,0.5
"rs116841123",2,692,0.5
"rs73506558",1,693,0.5
"rs73506558",2,693,0.5
"rs73506561",1,694,0.5
"rs73506561",2,694,0.5
"rs142736412",1,695,0.5
"rs142736412",2,695,0.5
"rs77932570",1,696,0.5
"rs77932570",2,696,0.5
"rs689396",1,697,0.5
"rs689396",2,697,0.5
"rs689448",1,698,0.5
"rs689448",2,698,0.5
"rs117888617",1,699,0.5
"rs117888617",2,699,0.5
"rs56272987",1,700,0.5
"rs56272987",2,700,0.5
"rs139402206",1,701,0.5
"rs139402206",2,701,0.5
"rs2278285",1,702,0.5
"rs2278285",2,702,0.5
"rs56170931",1,703,0.5
"rs56170931",2,703,0.5
"rs1020384",1,704,0.5
"rs1020384",2,704,0.5
"rs2278286",1,705,0.5
"rs2278286",2,705,0.5
"rs583307",1,706,0.5
"rs583307",2,706,0.5
"rs118058603",1,707,0.5
"rs118058603",2,707,0.5
"rs10422863",1,708,0.5
"rs10422863",2,708,0.5
"rs117935266",1,709,0.5
"rs117935266",2,709,0.5
"rs585487",1,710,0.5
"rs585487",2,710,0.5
"rs597763",1,711,0.5
"rs597763",2,711,0.5
"rs184798201",1,712,0.5
"rs184798201",2,712,0.5
"rs688169",1,713,0.5
"rs688169",2,713,0.5
"rs76143882",1,714,0.5
"rs76143882",2,714,0.5
"rs77527629",1,715,0.5
"rs77527629",2,715,0.5
"rs147759142",1,716,0.5
"rs147759142",2,716,0.5
"rs141237493",1,717,0.5
"rs141237493",2,717,0.5
"rs3795000",1,718,0.5
"rs3795000",2,718,0.5
"rs117154522",1,719,0.5
"rs117154522",2,719,0.5
"rs3795001",1,720,0.5
"rs3795001",2,720,0.5
"rs8108297",1,721,0.5
"rs8108297",2,721,0.5
"rs184666637",1,722,0.5
"rs184666637",2,722,0.5
"rs6510735",1,723,0.5
"rs6510735",2,723,0.5
"rs608177",1,724,0.5
"rs608177",2,724,0.5
"rs192482918",1,725,0.5
"rs192482918",2,725,0.5
"rs117941995",1,726,0.5
"rs117941995",2,726,0.5
"rs1651875",1,727,0.5
"rs1651875",2,727,0.5
"rs12977860",1,728,0.5
"rs12977860",2,728,0.5
"rs144472348",1,729,0.5
"rs144472348",2,729,0.5
"rs10401538",1,730,0.5
"rs10401538",2,730,0.5
"rs34759969",1,731,0.5
"rs34759969",2,731,0.5
"rs4897960",1,732,0.5
"rs4897960",2,732,0.5
"rs71335238",1,733,0.5
"rs71335238",2,733,0.5
"rs12972498",1,734,0.5
"rs12972498",2,734,0.5
"rs34620061",1,735,0.5
"rs34620061",2,735,0.5
"rs34151049",1,736,0.5
"rs34151049",2,736,0.5
"rs55842270",1,737,0.5
"rs55842270",2,737,0.5
"371194",1,738,0.5
"371194",2,738,0.5
"rs644609",1,739,0.5
"rs644609",2,739,0.5
"rs644644",1,740,0.5
"rs644644",2,740,0.5
"rs3795002",1,741,0.5
"rs3795002",2,741,0.5
"rs35814112",1,742,0.5
"rs35814112",2,742,0.5
"rs34140649",1,743,0.5
"rs34140649",2,743,0.5
"rs117606744",1,744,0.5
"rs117606744",2,744,0.5
"rs652081",1,745,0.5
"rs652081",2,745,0.5
"rs2303810",1,746,0.5
"rs2303810",2,746,0.5
"rs35119230",1,747,0.5
"rs35119230",2,747,0.5
"rs2303811",1,748,0.5
"rs2303811",2,748,0.5
"rs2303812",1,749,0.5
"rs2303812",2,749,0.5
"rs671915",1,750,0.5
"rs671915",2,750,0.5
"rs2303813",1,751,0.5
"rs2303813",2,751,0.5
"rs117534721",1,752,0.5
"rs117534721",2,752,0.5
"rs117842907",1,753,0.5
"rs117842907",2,753,0.5
"rs185666427",1,754,0.5
"rs185666427",2,754,0.5
"rs2303814",1,755,0.5
"rs2303814",2,755,0.5
"rs149062342",1,756,0.5
"rs149062342",2,756,0.5
"rs74176336",1,757,0.5
"rs74176336",2,757,0.5
"rs668447",1,758,0.5
"rs668447",2,758,0.5
"rs117982583",1,759,0.5
"rs117982583",2,759,0.5
"rs2303815",1,760,0.5
"rs2303815",2,760,0.5
"rs139022835",1,761,0.5
"rs139022835",2,761,0.5
"rs3815960",1,762,0.5
"rs3815960",2,762,0.5
"rs10410345",1,763,0.5
"rs10410345",2,763,0.5
"rs117564206",1,764,0.5
"rs117564206",2,764,0.5
"rs648770",1,765,0.5
"rs648770",2,765,0.5
"rs76951864",1,766,0.5
"rs76951864",2,766,0.5
"rs11672890",1,767,0.5
"rs11672890",2,767,0.5
"rs35242441",1,768,0.5
"rs35242441",2,768,0.5
"rs77516165",1,769,0.5
"rs77516165",2,769,0.5
"rs35514562",1,770,0.5
"rs35514562",2,770,0.5
"rs73489982",1,771,0.5
"rs73489982",2,771,0.5
"rs61745664",1,772,0.5
"rs61745664",2,772,0.5
"rs1549697",1,773,0.5
"rs1549697",2,773,0.5
"rs10409341",1,774,0.5
"rs10409341",2,774,0.5
"rs114252367",1,775,0.5
"rs114252367",2,775,0.5
"rs72986498",1,776,0.5
"rs72986498",2,776,0.5
"rs3764571",1,777,0.5
"rs3764571",2,777,0.5
"rs3764572",1,778,0.5
"rs3764572",2,778,0.5
"rs4897961",1,779,0.5
"rs4897961",2,779,0.5
"rs4897962",1,780,0.5
"rs4897962",2,780,0.5
"rs4897963",1,781,0.5
"rs4897963",2,781,0.5
"rs115971572",1,782,0.5
"rs115971572",2,782,0.5
"rs193089630",1,783,0.5
"rs193089630",2,783,0.5
"rs190247059",1,784,0.5
"rs190247059",2,784,0.5
"rs181797084",1,785,0.5
"rs181797084",2,785,0.5
"rs184978468",1,786,0.5
"rs184978468",2,786,0.5
"rs112411731",1,787,0.5
"rs112411731",2,787,0.5
"rs146306537",1,788,0.5
"rs146306537",2,788,0.5
"rs139164517",1,789,0.5
"rs139164517",2,789,0.5
"rs4897855",1,790,0.5
"rs4897855",2,790,0.5
"rs72986500",1,791,0.5
"rs72986500",2,791,0.5
"rs73489989",1,792,0.5
"rs73489989",2,792,0.5
"rs8103626",1,793,0.5
"rs8103626",2,793,0.5
"rs62101313",1,794,0.5
"rs62101313",2,794,0.5
"rs190551126",1,795,0.5
"rs190551126",2,795,0.5
"rs116943450",1,796,0.5
"rs116943450",2,796,0.5
"rs10414677",1,797,0.5
"rs10414677",2,797,0.5
"rs76957837",1,798,0.5
"rs76957837",2,798,0.5
"rs76314056",1,799,0.5
"rs76314056",2,799,0.5
"rs146367796",1,800,0.5
"rs146367796",2,800,0.5
"rs56855825",1,801,0.5
"rs56855825",2,801,0.5
"rs187403876",1,802,0.5
"rs187403876",2,802,0.5
"rs192254475",1,803,0.5
"rs192254475",2,803,0.5
"rs73489990",1,804,0.5
"rs73489990",2,804,0.5
"rs138656370",1,805,0.5
"rs138656370",2,805,0.5
"rs79020044",1,806,0.5
"rs79020044",2,806,0.5
"rs10415722",1,807,0.5
"rs10415722",2,807,0.5
"rs60741979",1,808,0.5
"rs60741979",2,808,0.5
"rs10415978",1,809,0.5
"rs10415978",2,809,0.5
"rs75071006",1,810,0.5
"rs75071006",2,810,0.5
"rs73489992",1,811,0.5
"rs73489992",2,811,0.5
"rs11880212",1,812,0.5
"rs11880212",2,812,0.5
"rs11881818",1,813,0.5
"rs11881818",2,813,0.5
"rs12462122",1,814,0.5
"rs12462122",2,814,0.5
"rs145435104",1,815,0.5
"rs145435104",2,815,0.5
"rs191069702",1,816,0.5
"rs191069702",2,816,0.5
"rs59372439",1,817,0.5
"rs59372439",2,817,0.5
"rs73916940",1,818,0.5
"rs73916940",2,818,0.5
"rs12151104",1,819,0.5
"rs12151104",2,819,0.5
"rs184056861",1,820,0.5
"rs184056861",2,820,0.5
"rs12151294",1,821,0.5
"rs12151294",2,821,0.5
"rs117112671",1,822,0.5
"rs117112671",2,822,0.5
"rs12151008",1,823,0.5
"rs12151008",2,823,0.5
"rs59327245",1,824,0.5
"rs59327245",2,824,0.5
"rs60937809",1,825,0.5
"rs60937809",2,825,0.5
"rs58235140",1,826,0.5
"rs58235140",2,826,0.5
"rs62101315",1,827,0.5
"rs62101315",2,827,0.5
"rs56791315",1,828,0.5
"rs56791315",2,828,0.5
"rs59634973",1,829,0.5
"rs59634973",2,829,0.5
"rs60064731",1,830,0.5
"rs60064731",2,830,0.5
"rs59918010",1,831,0.5
"rs59918010",2,831,0.5
"rs117951732",1,832,0.5
"rs117951732",2,832,0.5
"rs61027856",1,833,0.5
"rs61027856",2,833,0.5
"rs57882484",1,834,0.5
"rs57882484",2,834,0.5
"rs57322571",1,835,0.5
"rs57322571",2,835,0.5
"rs72486321",1,836,0.5
"rs72486321",2,836,0.5
"rs111816487",1,837,0.5
"rs111816487",2,837,0.5
"rs62102068",1,838,0.5
"rs62102068",2,838,0.5
"rs146474839",1,839,0.5
"rs146474839",2,839,0.5
"rs185735762",1,840,0.5
"rs185735762",2,840,0.5
"rs10418875",1,841,0.5
"rs10418875",2,841,0.5
"rs58807776",1,842,0.5
"rs58807776",2,842,0.5
"rs148833805",1,843,0.5
"rs148833805",2,843,0.5
"rs143471058",1,844,0.5
"rs143471058",2,844,0.5
"rs56749387",1,845,0.5
"rs56749387",2,845,0.5
"rs10402843",1,846,0.5
"rs10402843",2,846,0.5
"rs57359100",1,847,0.5
"rs57359100",2,847,0.5
"rs181546217",1,848,0.5
"rs181546217",2,848,0.5
"rs185677648",1,849,0.5
"rs185677648",2,849,0.5
"rs60820516",1,850,0.5
"rs60820516",2,850,0.5
"rs56808276",1,851,0.5
"rs56808276",2,851,0.5
"rs148672157",1,852,0.5
"rs148672157",2,852,0.5
"rs149879984",1,853,0.5
"rs149879984",2,853,0.5
"rs56346350",1,854,0.5
"rs56346350",2,854,0.5
"rs111857853",1,855,0.5
"rs111857853",2,855,0.5
"rs56211114",1,856,0.5
"rs56211114",2,856,0.5
"rs55771428",1,857,0.5
"rs55771428",2,857,0.5
"rs118079654",1,858,0.5
"rs118079654",2,858,0.5
"rs1549698",1,859,0.5
"rs1549698",2,859,0.5
"rs55749078",1,860,0.5
"rs55749078",2,860,0.5
"rs182994439",1,861,0.5
"rs182994439",2,861,0.5
"rs73916946",1,862,0.5
"rs73916946",2,862,0.5
"rs111688272",1,863,0.5
"rs111688272",2,863,0.5
"rs148382247",1,864,0.5
"rs148382247",2,864,0.5
"rs113037183",1,865,0.5
"rs113037183",2,865,0.5
"rs62102071",1,866,0.5
"rs62102071",2,866,0.5
"rs62102072",1,867,0.5
"rs62102072",2,867,0.5
"rs12151365",1,868,0.5
"rs12151365",2,868,0.5
"rs113270666",1,869,0.5
"rs113270666",2,869,0.5
"rs187391418",1,870,0.5
"rs187391418",2,870,0.5
"rs193172627",1,871,0.5
"rs193172627",2,871,0.5
"rs144524516",1,872,0.5
"rs144524516",2,872,0.5
"rs148483422",1,873,0.5
"rs148483422",2,873,0.5
"rs12611418",1,874,0.5
"rs12611418",2,874,0.5
"rs78844440",1,875,0.5
"rs78844440",2,875,0.5
"rs118118384",1,876,0.5
"rs118118384",2,876,0.5
"rs10401597",1,877,0.5
"rs10401597",2,877,0.5
"rs62102073",1,878,0.5
"rs62102073",2,878,0.5
"rs72988410",1,879,0.5
"rs72988410",2,879,0.5
"rs72988412",1,880,0.5
"rs72988412",2,880,0.5
"rs72988413",1,881,0.5
"rs72988413",2,881,0.5
"rs62102074",1,882,0.5
"rs62102074",2,882,0.5
"rs62102075",1,883,0.5
"rs62102075",2,883,0.5
"rs62102076",1,884,0.5
"rs62102076",2,884,0.5
"rs148980393",1,885,0.5
"rs148980393",2,885,0.5
"rs139170796",1,886,0.5
"rs139170796",2,886,0.5
"rs145210052",1,887,0.5
"rs145210052",2,887,0.5
"rs112912797",1,888,0.5
"rs112912797",2,888,0.5
"rs79881403",1,889,0.5
"rs79881403",2,889,0.5
"rs111985047",1,890,0.5
"rs111985047",2,890,0.5
"rs112393920",1,891,0.5
"rs112393920",2,891,0.5
"rs59099379",1,892,0.5
"rs59099379",2,892,0.5
"rs4605301",1,893,0.5
"rs4605301",2,893,0.5
"rs3915789",1,894,0.5
"rs3915789",2,894,0.5
"rs111717971",1,895,0.5
"rs111717971",2,895,0.5
"rs12460171",1,896,0.5
"rs12460171",2,896,0.5
"rs8112422",1,897,0.5
"rs8112422",2,897,0.5
"rs11085014",1,898,0.5
"rs11085014",2,898,0.5
"rs4897965",1,899,0.5
"rs4897965",2,899,0.5
"rs4897966",1,900,0.5
"rs4897966",2,900,0.5
"rs72988419",1,901,0.5
"rs72988419",2,901,0.5
"rs4897967",1,902,0.5
"rs4897967",2,902,0.5
"rs4897968",1,903,0.5
"rs4897968",2,903,0.5
"rs4897969",1,904,0.5
"rs4897969",2,904,0.5
"rs138749313",1,905,0.5
"rs138749313",2,905,0.5
"rs117097900",1,906,0.5
"rs117097900",2,906,0.5
"rs4897970",1,907,0.5
"rs4897970",2,907,0.5
"rs59469850",1,908,0.5
"rs59469850",2,908,0.5
"rs114712723",1,909,0.5
"rs114712723",2,909,0.5
"rs148109921",1,910,0.5
"rs148109921",2,910,0.5
"rs28565066",1,911,0.5
"rs28565066",2,911,0.5
"rs72988421",1,912,0.5
"rs72988421",2,912,0.5
"rs116249071",1,913,0.5
"rs116249071",2,913,0.5
"rs72988423",1,914,0.5
"rs72988423",2,914,0.5
"rs10853965",1,915,0.5
"rs10853965",2,915,0.5
"rs28481589",1,916,0.5
"rs28481589",2,916,0.5
"rs10416941",1,917,0.5
"rs10416941",2,917,0.5
"rs55688232",1,918,0.5
"rs55688232",2,918,0.5
"rs78781142",1,919,0.5
"rs78781142",2,919,0.5
"rs80267158",1,920,0.5
"rs80267158",2,920,0.5
"rs10416684",1,921,0.5
"rs10416684",2,921,0.5
"rs55975726",1,922,0.5
"rs55975726",2,922,0.5
"rs114473282",1,923,0.5
"rs114473282",2,923,0.5
"rs74650333",1,924,0.5
"rs74650333",2,924,0.5
"rs150394100",1,925,0.5
"rs150394100",2,925,0.5
"rs75251831",1,926,0.5
"rs75251831",2,926,0.5
"rs117918977",1,927,0.5
"rs117918977",2,927,0.5
"rs10418459",1,928,0.5
"rs10418459",2,928,0.5
"rs8106686",1,929,0.5
"rs8106686",2,929,0.5
"rs8112127",1,930,0.5
"rs8112127",2,930,0.5
"rs8112253",1,931,0.5
"rs8112253",2,931,0.5
"rs8101784",1,932,0.5
"rs8101784",2,932,0.5
"rs8101984",1,933,0.5
"rs8101984",2,933,0.5
"rs145977862",1,934,0.5
"rs145977862",2,934,0.5
"rs192887066",1,935,0.5
"rs192887066",2,935,0.5
"rs146213052",1,936,0.5
"rs146213052",2,936,0.5
"rs185477768",1,937,0.5
"rs185477768",2,937,0.5
"rs142801048",1,938,0.5
"rs142801048",2,938,0.5
"rs147657079",1,939,0.5
"rs147657079",2,939,0.5
"rs142337300",1,940,0.5
"rs142337300",2,940,0.5
"rs146606579",1,941,0.5
"rs146606579",2,941,0.5
"rs181804646",1,942,0.5
"rs181804646",2,942,0.5
"rs184985234",1,943,0.5
"rs184985234",2,943,0.5
"rs188184822",1,944,0.5
"rs188184822",2,944,0.5
"rs138549760",1,945,0.5
"rs138549760",2,945,0.5
"rs191605024",1,946,0.5
"rs191605024",2,946,0.5
"rs181282318",1,947,0.5
"rs181282318",2,947,0.5
"rs139415998",1,948,0.5
"rs139415998",2,948,0.5
"rs150072357",1,949,0.5
"rs150072357",2,949,0.5
"rs147744611",1,950,0.5
"rs147744611",2,950,0.5
"rs62102079",1,951,0.5
"rs62102079",2,951,0.5
"rs62102080",1,952,0.5
"rs62102080",2,952,0.5
"rs73501938",1,953,0.5
"rs73501938",2,953,0.5
"rs183143509",1,954,0.5
"rs183143509",2,954,0.5
"rs62102081",1,955,0.5
"rs62102081",2,955,0.5
"rs62102082",1,956,0.5
"rs62102082",2,956,0.5
"rs62102083",1,957,0.5
"rs62102083",2,957,0.5
"rs117965379",1,958,0.5
"rs117965379",2,958,0.5
"rs3844536",1,959,0.5
"rs3844536",2,959,0.5
"rs7408940",1,960,0.5
"rs7408940",2,960,0.5
"rs72988434",1,961,0.5
"rs72988434",2,961,0.5
"rs137984674",1,962,0.5
"rs137984674",2,962,0.5
"rs4897971",1,963,0.5
"rs4897971",2,963,0.5
"rs116920706",1,964,0.5
"rs116920706",2,964,0.5
"rs7343106",1,965,0.5
"rs7343106",2,965,0.5
"rs17672491",1,966,0.5
"rs17672491",2,966,0.5
"rs6510752",1,967,0.5
"rs6510752",2,967,0.5
"rs73501942",1,968,0.5
"rs73501942",2,968,0.5
"rs3926400",1,969,0.5
"rs3926400",2,969,0.5
"rs3926399",1,970,0.5
"rs3926399",2,970,0.5
"rs9710605",1,971,0.5
"rs9710605",2,971,0.5
"rs62102084",1,972,0.5
"rs62102084",2,972,0.5
"rs62102085",1,973,0.5
"rs62102085",2,973,0.5
"rs4897856",1,974,0.5
"rs4897856",2,974,0.5
"rs4897857",1,975,0.5
"rs4897857",2,975,0.5
"rs117403574",1,976,0.5
"rs117403574",2,976,0.5
"rs73501946",1,977,0.5
"rs73501946",2,977,0.5
"rs118185404",1,978,0.5
"rs118185404",2,978,0.5
"rs1465449",1,979,0.5
"rs1465449",2,979,0.5
"rs118063585",1,980,0.5
"rs118063585",2,980,0.5
"rs183248035",1,981,0.5
"rs183248035",2,981,0.5
"rs112691873",1,982,0.5
"rs112691873",2,982,0.5
"rs116906252",1,983,0.5
"rs116906252",2,983,0.5
"rs145234428",1,984,0.5
"rs145234428",2,984,0.5
"rs149095476",1,985,0.5
"rs149095476",2,985,0.5
"rs190848504",1,986,0.5
"rs190848504",2,986,0.5
"rs144743175",1,987,0.5
"rs144743175",2,987,0.5
"rs183169964",1,988,0.5
"rs183169964",2,988,0.5
"rs11670588",1,989,0.5
"rs11670588",2,989,0.5
"rs74366981",1,990,0.5
"rs74366981",2,990,0.5
"rs28449862",1,991,0.5
"rs28449862",2,991,0.5
"rs192107616",1,992,0.5
"rs192107616",2,992,0.5
"rs183189417",1,993,0.5
"rs183189417",2,993,0.5
"rs187518560",1,994,0.5
"rs187518560",2,994,0.5
"rs62102086",1,995,0.5
"rs62102086",2,995,0.5
"rs62102087",1,996,0.5
"rs62102087",2,996,0.5
"rs150121693",1,997,0.5
"rs150121693",2,997,0.5
"rs73916961",1,998,0.5
"rs73916961",2,998,0.5
"rs73916962",1,999,0.5
"rs73916962",2,999,0.5
"rs12983580",1,1000,0.5
"rs12983580",2,1000,0.5
